100226
1028307
1200793
122586
1235787
1339349
1392
1502
1597
166486
1685
169963
171101
176280
1766
1894
190304
1911
192222
195103
196600
199310
206672
208435
208964
210007
220668
224308
224326
224914
226185
226186
226900
242231
243273
243276
243277
257309
257313
272559
272560
272561
272563
272621
272624
272634
29466
295405
300267
301447
31958
333849
342451
349741
367928
392021
395019
401614
40518
411459
411460
411461
411464
411468
411470
411476
411902
411903
435590
435591
441771
445974
470146
47678
479437
515619
515620
518634
522373
529507
536231
537011
537937
561007
563192
568703
568814
573
575584
585394
585397
610130
623
626937
632
637910
645463
649756
709991
71421
716541
718252
760570
817
83332
83333
83558
85962
871585
93061
99287
997892
999420
